765574675,FALSE,finalized,5,8/4/15 7:47,Internet_and_Telecom,0.5581,,0,,0,,0,,0,,0,,0,,0,,0,,0,,0,,0,,0,,0,,0.2466,,0,,0,,0,,0,,0,,0,,0,,0,,0,,0,,,,,,,,,,,,,,,,,,,,,,,,,,000webhost.com
765574685,FALSE,finalized,5,8/4/15 21:05,Science,0.5606,,0,,0,,0,,0,,0,,0,,0,,0,,0,,0,,0,,0,,0,,0,,0,,0,,0,,0,,0,,0,,0.2463,,0,,0,,0,,,,,,,,,,,,,,,,,,,,,,,,,,0calc.com
765574692,FALSE,finalized,5,8/5/15 4:27,Autos_and_Vehicles,0.8271,,0,Motorcycles,0.3052,,0,,0,,0,,0,,0,,0,,0,,0,,0,,0,,0,,0,,0,,0,,0,,0,,0,,0,,0,,0,,0,,0,,,,,,,,,,,,,,,,,,,,,,,,,,1000ps.at
765574705,FALSE,in progress,1,,Books_and_Literature,1,,0,,0,,0,Book_Retailers,1,,0,,0,,0,,0,,0,,0,,0,,0,,0,,0,,0,,0,,0,,0,,0,,0,,0,,0,,0,,0,,,,,,,,,,,,,,,,,,,,,,,,,,1100ad.com
765574723,FALSE,finalized,5,8/5/15 9:27,Arts_and_Entertainment,0.8029,Movies,0.6446,,0,,0,,0,,0,,0,,0,,0,,0,,0,,0,,0,,0,,0,,0,,0,,0,,0,,0,,0,,0,,0,,0,,0,,,,,,,,,,,,,,,,,,,,,,,,,,123vidz.com
765574762,FALSE,finalized,5,8/4/15 5:08,Adult,0.7795,,0,,0,,0,,0,,0,,0,,0,,0,,0,,0,,0,,0,,0,,0,,0,,0,,0,,0,,0,,0,,0,,0,,0,,0,,,,,,,,,,,,,,,,,,,,,,,,,,20jack.net
765574769,FALSE,finalized,5,8/4/15 16:07,Games,1,,0,,0,,0,,0,,0,,0,,0,,0,,0,,0,Puzzles_and_Brainteasers,1,,0,,0,,0,,0,,0,,0,,0,,0,,0,,0,,0,,0,,0,,,,,,,,,,,,,,,,,,,,,,,,,,247sudoku.com
765574775,FALSE,finalized,5,8/4/15 18:42,Pets_and_Animals,0.7729,,0,,0,,0,,0,,0,,0,,0,,0,,0,,0,,0,,0,,0,,0,,0,,0,,0,Pets,0.3269,,0,,0,,0,,0,,0,,0,,,,,,,,,,,,,,,,,,,,,,,,,,24petwatch.com
765574787,FALSE,finalized,5,8/3/15 15:46,Recreation_and_Hobbies,0.8167,,0,,0,,0,,0,,0,,0,,0,,0,,0,,0,,0,,0,,0,,0,,0,,0,,0,,0,Models,0.667,,0,,0,,0,,0,,0,,,,,,,,,,,,,,,,,,,,,,,,,,2paintminiatures.com
765574800,FALSE,finalized,5,8/3/15 22:08,Games,1,,0,,0,,0,,0,,0,,0,,0,,0,,0,,0,Board_and_Card_Games,0.6238,,0,,0,,0,,0,,0,,0,,0,,0,,0,,0,,0,,0,,0,,,,,,,,,,,,,,,,,,,,,,,,,,365chess.com
765574819,FALSE,finalized,5,8/5/15 6:58,Food_and_Drink,0.6152,,0,,0,,0,,0,,0,,0,,0,,0,Beverages,0.3784,,0,,0,,0,,0,,0,,0,,0,,0,,0,,0,,0,,0,,0,,0,,0,,,,,,,,,,,,,,,,,,,,,,,,,,3houralcohol.com
765574898,FALSE,finalized,5,8/4/15 12:47,Internet_and_Telecom,0.6058,,0,,0,,0,,0,,0,,0,,0,,0,,0,,0,,0,,0,,0,Web_Design,0.367,,0,,0,,0,,0,,0,,0,,0,,0,,0,,0,,,,,,,,,,,,,,,,,,,,,,,,,,8theme.com
765574915,FALSE,finalized,5,8/5/15 8:12,Health,0.6008,,0,,0,,0,,0,,0,,0,,0,,0,,0,,0,,0,Child_Health,0.361,,0,,0,,0,,0,,0,,0,,0,,0,,0,,0,,0,,0,,,,,,,,,,,,,,,,,,,,,,,,,,a-parents-decision.co.uk
765574935,FALSE,finalized,5,8/3/15 17:46,Health,0.6178,,0,,0,,0,,0,,0,,0,,0,,0,,0,,0,,0,Medicine,0.3817,,0,,0,,0,,0,,0,,0,,0,,0,,0,,0,,0,,0,,,,,,,,,,,,,,,,,,,,,,,,,,aapm.org
765574937,FALSE,finalized,5,8/4/15 7:56,People_and_Society,0.8044,,0,,0,,0,,0,,0,,0,,0,,0,,0,,0,,0,,0,,0,,0,,0,,0,Religion_and_Spirituality,0.6471,,0,,0,,0,,0,,0,,0,,0,,,,,,,,,,,,,,,,,,,,,,,,,,aasha-online.com
765574942,FALSE,finalized,5,8/3/15 18:38,Business_and_Industry,0.8167,,0,,0,,0,,0,Energy,0.4952,,0,,0,,0,,0,,0,,0,,0,,0,,0,,0,,0,,0,,0,,0,,0,,0,,0,,0,,0,,,,,,,,,,,,,,,,,,,,,,,,,,abb.com
765574950,FALSE,finalized,5,8/3/15 20:42,Autos_and_Vehicles,0.5777,,0,,0.244,,0,,0,,0,,0,,0,,0,,0,,0,,0,,0,,0,,0,,0,,0,,0,,0,,0,,0,,0,,0,,0,,0,,,,,,,,,,,,,,,,,,,,,,,,,,abetterfuel.com
765574970,FALSE,finalized,5,8/3/15 15:55,Business_and_Industry,0.5921,,0,,0,,0,,0,,0.2415,,0,,0,,0,,0,,0,,0,,0,,0,,0,,0,,0,,0,,0,,0,,0,,0,,0,,0,,0,,,,,,,,,,,,,,,,,,,,,,,,,,acdlabs.com
765574983,FALSE,finalized,5,8/5/15 5:36,Autos_and_Vehicles,0.786,,0,Automotive_News,0.6179,,0,,0,,0,,0,,0,,0,,0,,0,,0,,0,,0,,0,,0,,0,,0,,0,,0,,0,,0,,0,,0,,0,,,,,,,,,,,,,,,,,,,,,,,,,,acmods.net
765574987,FALSE,finalized,5,8/4/15 12:47,Reference,0.587,,0,,0,,0,,0,,0,,0,,0,,0,,0,,0,,0,,0,,0,,0,,0,,0,,0,,0,,0,Dictionaries_and_Encyclopedias,0.3446,,0,,0,,0,,0,,,,,,,,,,,,,,,,,,,,,,,,,,acronymfinder.com
765574989,FALSE,finalized,5,8/3/15 14:40,Pets_and_Animals,0.779,,0,,0,,0,,0,,0,,0,,0,,0,,0,,0,,0,,0,,0,,0,,0,,0,,0,Fish_and_Aquaria,0.4588,,0,,0,,0,,0,,0,,0,,,,,,,,,,,,,,,,,,,,,,,,,,acrylicaquariums.com
765575017,FALSE,finalized,5,8/3/15 18:48,Business_and_Industry,0.548,,0,,0,,0,,0,Marketing_and_Advertising,0.3003,,0,,0,,0,,0,,0,,0,,0,,0,,0,,0,,0,,0,,0,,0,,0,,0,,0,,0,,0,,,,,,,,,,,,,,,,,,,,,,,,,,adbrothers.nl
765575018,FALSE,finalized,5,8/4/15 22:37,Arts_and_Entertainment,1,Animation_and_Comics,0.8232,,0,,0,,0,,0,,0,,0,,0,,0,,0,,0,,0,,0,,0,,0,,0,,0,,0,,0,,0,,0,,0,,0,,0,,,,,,,,,,,,,,,,,,,,,,,,,,add-anime.net
765575071,FALSE,finalized,5,8/4/15 0:41,Health,0.5792,,0,,0,,0,,0,,0,,0,,0,,0,,0,,0,,0,,0.2437,,0,,0,,0,,0,,0,,0,,0,,0,,0,,0,,0,,0,,,,,,,,,,,,,,,,,,,,,,,,,,advancedfertility.com
765575073,FALSE,finalized,5,8/4/15 13:35,Computer_and_Electronics,0.7666,,0,,0,,0,,0,,0,,0,Software,0.4488,,0,,0,,0,,0,,0,,0,,0,,0,,0,,0,,0,,0,,0,,0,,0,,0,,0,,,,,,,,,,,,,,,,,,,,,,,,,,advancedpccare.com
765575075,FALSE,finalized,5,8/4/15 21:04,Internet_and_Telecom,0.6129,,0,,0,,0,,0,,0,,0,,0,,0,,0,,0,,0,,0,,0,Chats_and_Forums,0.3757,,0,,0,,0,,0,,0,,0,,0,,0,,0,,0,,,,,,,,,,,,,,,,,,,,,,,,,,advancedtautactica.com
765575085,FALSE,finalized,5,8/3/15 16:42,Gambling,0.5757,,0,,0,,0,,0,,0,,0,,0,,0,,0,Casinos,0.3314,,0,,0,,0,,0,,0,,0,,0,,0,,0,,0,,0,,0,,0,,0,,,,,,,,,,,,,,,,,,,,,,,,,,ae88.com
765575090,FALSE,finalized,5,8/3/15 22:15,Business_and_Industry,0.5791,,0,,0,,0,,0,Agriculture_and_Forestry,0.3353,,0,,0,,0,,0,,0,,0,,0,,0,,0,,0,,0,,0,,0,,0,,0,,0,,0,,0,,0,,,,,,,,,,,,,,,,,,,,,,,,,,aerofarms.com
765575091,FALSE,finalized,5,8/5/15 8:37,Autos_and_Vehicles,0.7825,,0,Aviation,0.3168,,0,,0,,0,,0,,0,,0,,0,,0,,0,,0,,0,,0,,0,,0,,0,,0,,0,,0,,0,,0,,0,,0,,,,,,,,,,,,,,,,,,,,,,,,,,aeromobil.com
765575093,FALSE,finalized,5,8/4/15 19:18,Science,0.5905,,0,,0,,0,,0,,0,,0,,0,,0,,0,,0,,0,,0,,0,,0,,0,,0,,0,,0,,0,,0,,0.2418,,0,,0,,0,,,,,,,,,,,,,,,,,,,,,,,,,,aerospaceweb.org
765575104,FALSE,finalized,5,8/3/15 14:49,Internet_and_Telecom,0.5779,,0,,0,,0,,0,,0,,0,,0,,0,,0,,0,,0,,0,,0,,0.2439,,0,,0,,0,,0,,0,,0,,0,,0,,0,,0,,,,,,,,,,,,,,,,,,,,,,,,,,affiliatetechnology.com
765575113,FALSE,finalized,5,8/5/15 7:36,Computer_and_Electronics,0.5714,,0,,0,,0,,0,,0,,0,Software,0.3265,,0,,0,,0,,0,,0,,0,,0,,0,,0,,0,,0,,0,,0,,0,,0,,0,,0,,,,,,,,,,,,,,,,,,,,,,,,,,afreecodec.com
765575126,FALSE,finalized,5,8/4/15 14:04,Business_and_Industry,0.574,,0,,0,,0,,0,,0.2445,,0,,0,,0,,0,,0,,0,,0,,0,,0,,0,,0,,0,,0,,0,,0,,0,,0,,0,,0,,,,,,,,,,,,,,,,,,,,,,,,,,agcocorp.com
765575133,FALSE,finalized,5,8/4/15 4:55,Business_and_Industry,0.5264,,0,,0,,0,,0,Energy,0.2771,,0,,0,,0,,0,,0,,0,,0,,0,,0,,0,,0,,0,,0,,0,,0,,0,,0,,0,,0,,,,,,,,,,,,,,,,,,,,,,,,,,aglr.com
765575134,FALSE,finalized,5,8/5/15 10:10,Business_and_Industry,0.5965,,0,,0,,0,,0,,0.2407,,0,,0,,0,,0,,0,,0,,0,,0,,0,,0,,0,,0,,0,,0,,0,,0,,0,,0,,0,,,,,,,,,,,,,,,,,,,,,,,,,,agmarknet.nic.in
765575141,FALSE,finalized,5,8/3/15 21:40,Science,0.7538,,0,,0,,0,,0,,0,,0,,0,,0,,0,,0,,0,,0,,0,,0,,0,,0,,0,,0,,0,,0,Agriculture,0.5681,,0,,0,,0,,,,,,,,,,,,,,,,,,,,,,,,,,agriculturejournals.cz
765575175,FALSE,finalized,5,8/3/15 15:48,Recreation_and_Hobbies,0.5756,,0,,0,,0,,0,,0,,0,,0,,0,,0,,0,,0,,0,,0,,0,,0,,0,,0,,0,Weapons,0.3313,,0,,0,,0,,0,,0,,,,,,,,,,,,,,,,,,,,,,,,,,airsoftmegastore.com
765575179,FALSE,finalized,5,8/4/15 20:23,Science,0.6283,,0,,0,,0,,0,,0,,0,,0,,0,,0,,0,,0,,0,,0,,0,,0,,0,,0,,0,,0,,0,Agriculture,0.3948,,0,,0,,0,,,,,,,,,,,,,,,,,,,,,,,,,,aitc.sk.ca
765575195,FALSE,finalized,5,8/5/15 10:26,Business_and_Industry,0.6083,,0,,0,,0,,0,Chemicals,0.37,,0,,0,,0,,0,,0,,0,,0,,0,,0,,0,,0,,0,,0,,0,,0,,0,,0,,0,,0,,,,,,,,,,,,,,,,,,,,,,,,,,akzonobel.com
765575231,FALSE,finalized,5,8/4/15 19:17,Shopping,0.5855,,0,,0,,0,,0,,0,,0,,0,,0,,0,,0,,0,,0,,0,,0,,0,,0,,0,,0,,0,,0,,0,Gifts,0.3429,,0,,0,,,,,,,,,,,,,,,,,,,,,,,,,,alivehkone.com
765575232,FALSE,finalized,5,8/4/15 8:30,Beauty_and_Fitness,0.7761,,0,,0,Beauty,0.3116,,0,,0,,0,,0,,0,,0,,0,,0,,0,,0,,0,,0,,0,,0,,0,,0,,0,,0,,0,,0,,0,,,,,,,,,,,,,,,,,,,,,,,,,,aliwigs.com
765575251,FALSE,finalized,5,8/3/15 18:32,Home_and_Garden,0.5766,,0,,0,,0,,0,,0,,0,,0,,0,,0,,0,,0,,0,,0.2441,,0,,0,,0,,0,,0,,0,,0,,0,,0,,0,,0,,,,,,,,,,,,,,,,,,,,,,,,,,allflooringinfo.com
765575256,FALSE,finalized,5,8/5/15 0:37,Shopping,0.5852,,0,,0,,0,,0,,0,,0,,0,,0,,0,,0,,0,,0,,0,,0,,0,,0,,0,,0,,0,,0,,0,Clothing,0.3425,,0,,0,,,,,,,,,,,,,,,,,,,,,,,,,,allheart.com
765575257,FALSE,finalized,5,8/4/15 13:10,Shopping,0.5797,,0,,0,,0,,0,,0,,0,,0,,0,,0,,0,,0,,0,,0,,0,,0,,0,,0,,0,,0,,0,,0,General_Merchandise,0.3361,,0,,0,,,,,,,,,,,,,,,,,,,,,,,,,,allianceonline.co.uk
765575265,FALSE,finalized,5,8/3/15 19:37,Books_and_Literature,0.5883,,0,,0,,0,,0.2422,,0,,0,,0,,0,,0,,0,,0,,0,,0,,0,,0,,0,,0,,0,,0,,0,,0,,0,,0,,0,,,,,,,,,,,,,,,,,,,,,,,,,,allpoetry.com
765575268,FALSE,finalized,5,8/3/15 18:34,Shopping,0.5971,,0,,0,,0,,0,,0,,0,,0,,0,,0,,0,,0,,0,,0,,0,,0,,0,,0,,0,,0,,0,,0,General_Merchandise,0.2467,,0,,0,,,,,,,,,,,,,,,,,,,,,,,,,,allprimeproducts.com
765575270,FALSE,finalized,5,8/3/15 17:30,Sports,0.7799,,0,,0,,0,,0,,0,,0,,0,,0,,0,,0,,0,,0,,0,,0,,0,,0,,0,,0,,0,,0,,0,,0,Martial_Arts,0.4495,,0,,,,,,,,,,,,,,,,,,,,,,,,,,allthebestfights.com
765575281,FALSE,finalized,5,8/4/15 14:25,Games,1,,0,,0,,0,,0,,0,,0,,0,,0,,0,,0,Online,1,,0,,0,,0,,0,,0,,0,,0,,0,,0,,0,,0,,0,,0,,,,,,,,,,,,,,,,,,,,,,,,,,alpha-wars4.com
765575283,FALSE,finalized,5,8/4/15 3:33,Games,0.5744,,0,,0,,0,,0,,0,,0,,0,,0,,0,,0,,0.2445,,0,,0,,0,,0,,0,,0,,0,,0,,0,,0,,0,,0,,0,,,,,,,,,,,,,,,,,,,,,,,,,,alphawars1.com
765575291,FALSE,finalized,5,8/3/15 18:48,Computer_and_Electronics,0.7618,,0,,0,,0,,0,,0,,0,Software,0.2792,,0,,0,,0,,0,,0,,0,,0,,0,,0,,0,,0,,0,,0,,0,,0,,0,,0,,,,,,,,,,,,,,,,,,,,,,,,,,altera.com
765575292,FALSE,finalized,5,8/3/15 18:49,Internet_and_Telecom,0.7649,,0,,0,,0,,0,,0,,0,,0,,0,,0,,0,,0,,0,,0,Chats_and_Forums,0.5851,,0,,0,,0,,0,,0,,0,,0,,0,,0,,0,,,,,,,,,,,,,,,,,,,,,,,,,,alternatehistory.com
765575302,FALSE,finalized,5,8/4/15 0:38,Health,0.5455,,0,,0,,0,,0,,0,,0,,0,,0,,0,,0,,0,Products_and_Shopping,0.2975,,0,,0,,0,,0,,0,,0,,0,,0,,0,,0,,0,,0,,,,,,,,,,,,,,,,,,,,,,,,,,alwaystestclean.com
765575311,FALSE,finalized,5,8/5/15 9:53,Sports,0.5837,,0,,0,,0,,0,,0,,0,,0,,0,,0,,0,,0,,0,,0,,0,,0,,0,,0,,0,,0,,0,,0,,0,Baseball,0.3408,,0,,,,,,,,,,,,,,,,,,,,,,,,,,amazinavenue.com
765575321,FALSE,finalized,5,8/5/15 10:50,Recreation_and_Hobbies,0.5896,,0,,0,,0,,0,,0,,0,,0,,0,,0,,0,,0,,0,,0,,0,,0,,0,,0,,0,Weapons,0.3476,,0,,0,,0,,0,,0,,,,,,,,,,,,,,,,,,,,,,,,,,americanrifleman.org
765575331,FALSE,finalized,5,8/5/15 3:49,Business_and_Industry,0.8078,,0,,0,,0,,0,Metals_and_Mining,0.449,,0,,0,,0,,0,,0,,0,,0,,0,,0,,0,,0,,0,,0,,0,,0,,0,,0,,0,,0,,,,,,,,,,,,,,,,,,,,,,,,,,amm.com
765575340,FALSE,finalized,5,8/4/15 17:17,Internet_and_Telecom,0.5851,,0,,0,,0,,0,,0,,0,,0,,0,,0,,0,,0,,0,,0,,0.2428,,0,,0,,0,,0,,0,,0,,0,,0,,0,,0,,,,,,,,,,,,,,,,,,,,,,,,,,ampxchange.com
765575341,FALSE,finalized,5,8/3/15 16:50,Health,1,,0,,0,,0,,0,,0,,0,,0,,0,,0,,0,,0,Public_Health_and_Safety,0.6103,,0,,0,,0,,0,,0,,0,,0,,0,,0,,0,,0,,0,,,,,,,,,,,,,,,,,,,,,,,,,,amr.net
765575348,FALSE,finalized,5,8/4/15 20:23,Home_and_Garden,0.5763,,0,,0,,0,,0,,0,,0,,0,,0,,0,,0,,0,,0,,0.2442,,0,,0,,0,,0,,0,,0,,0,,0,,0,,0,,0,,,,,,,,,,,,,,,,,,,,,,,,,,ana-white.com
765575354,FALSE,finalized,5,8/4/15 14:14,Games,1,,0,,0,,0,,0,,0,,0,,0,,0,,0,,0,Online,0.8141,,0,,0,,0,,0,,0,,0,,0,,0,,0,,0,,0,,0,,0,,,,,,,,,,,,,,,,,,,,,,,,,,anarchy-online.com
765575355,FALSE,finalized,5,8/4/15 20:32,People_and_Society,1,,0,,0,,0,,0,,0,,0,,0,,0,,0,,0,,0,,0,,0,,0,,0,,0,Relationships_and_Dating,1,,0,,0,,0,,0,,0,,0,,0,,,,,,,,,,,,,,,,,,,,,,,,,,anastasiadates.com
765575360,FALSE,finalized,5,8/4/15 19:26,People_and_Society,0.595,,0,,0,,0,,0,,0,,0,,0,,0,,0,,0,,0,,0,,0,,0,,0,,0,History,0.3541,,0,,0,,0,,0,,0,,0,,0,,,,,,,,,,,,,,,,,,,,,,,,,,ancientegyptonline.co.uk
765575367,FALSE,finalized,5,8/3/15 18:52,Sports,0.6048,,0,,0,,0,,0,,0,,0,,0,,0,,0,,0,,0,,0,,0,,0,,0,,0,,0,,0,,0,,0,,0,,0,Baseball,0.3658,,0,,,,,,,,,,,,,,,,,,,,,,,,,,andrewstoeten.com
765575371,FALSE,finalized,5,8/4/15 21:34,Shopping,0.8055,,0,,0,,0,,0,,0,,0,,0,,0,,0,,0,,0,,0,,0,,0,,0,,0,,0,,0,,0,,0,,0,Children,0.3421,,0,,0,,,,,,,,,,,,,,,,,,,,,,,,,,angelicpretty-usa.com
765575373,FALSE,in progress,2,,Books_and_Literature,0.5017,,0,,0,,0,Folklore,0.2517,,0,,0,,0,,0,,0,,0,,0,,0,,0,,0,,0,,0,,0,,0,,0,,0,,0,,0,,0,,0,,,,,,,,,,,,,,,,,,,,,,,,,,anglingaddicts.co.uk
765575407,FALSE,finalized,5,8/4/15 17:17,Career_and_Education,0.5851,,0,,0,,0,,0,,0,Education,0.3423,,0,,0,,0,,0,,0,,0,,0,,0,,0,,0,,0,,0,,0,,0,,0,,0,,0,,0,,,,,,,,,,,,,,,,,,,,,,,,,,another71.com
765575409,FALSE,finalized,5,8/4/15 15:24,Science,0.5651,,0,,0,,0,,0,,0,,0,,0,,0,,0,,0,,0,,0,,0,,0,,0,,0,,0,,0,,0,,0,,0.2458,,0,,0,,0,,,,,,,,,,,,,,,,,,,,,,,,,,ans.org
765575427,FALSE,finalized,5,8/3/15 16:23,Internet_and_Telecom,0.5416,,0,,0,,0,,0,,0,,0,,0,,0,,0,,0,,0,,0,,0,Chats_and_Forums,0.2934,,0,,0,,0,,0,,0,,0,,0,,0,,0,,0,,,,,,,,,,,,,,,,,,,,,,,,,,answers.medchrome.com
765575482,FALSE,finalized,5,8/5/15 10:50,Computer_and_Electronics,0.789,,0,,0,,0,,0,,0,,0,Computer_Security,0.4692,,0,,0,,0,,0,,0,,0,,0,,0,,0,,0,,0,,0,,0,,0,,0,,0,,0,,,,,,,,,,,,,,,,,,,,,,,,,,antivirus-help.com
765575491,FALSE,finalized,5,8/4/15 23:26,Finance,1,,0,,0,,0,,0,,0,,0,,0,Banking,1,,0,,0,,0,,0,,0,,0,,0,,0,,0,,0,,0,,0,,0,,0,,0,,0,,,,,,,,,,,,,,,,,,,,,,,,,,anz.com
765575511,FALSE,finalized,5,8/5/15 10:50,Computer_and_Electronics,1,,0,,0,,0,,0,,0,,0,Programming,0.624,,0,,0,,0,,0,,0,,0,,0,,0,,0,,0,,0,,0,,0,,0,,0,,0,,0,,,,,,,,,,,,,,,,,,,,,,,,,,apiary.io
765575543,FALSE,finalized,5,8/3/15 16:17,Books_and_Literature,0.5862,,0,,0,,0,,0.2426,,0,,0,,0,,0,,0,,0,,0,,0,,0,,0,,0,,0,,0,,0,,0,,0,,0,,0,,0,,0,,,,,,,,,,,,,,,,,,,,,,,,,,apress.com
765575614,FALSE,finalized,5,8/3/15 20:58,Reference,0.8124,,0,,0,,0,,0,,0,,0,,0,,0,,0,,0,,0,,0,,0,,0,,0,,0,,0,,0,,0,Archives,0.6599,,0,,0,,0,,0,,,,,,,,,,,,,,,,,,,,,,,,,,archiveshub.ac.uk
765575620,FALSE,finalized,5,8/4/15 20:52,Computer_and_Electronics,0.7767,,0,,0,,0,,0,,0,,0,Software,0.4417,,0,,0,,0,,0,,0,,0,,0,,0,,0,,0,,0,,0,,0,,0,,0,,0,,0,,,,,,,,,,,,,,,,,,,,,,,,,,archlinux.org
765575621,FALSE,finalized,5,8/4/15 13:08,Reference,0.5494,,0,,0,,0,,0,,0,,0,,0,,0,,0,,0,,0,,0,,0,,0,,0,,0,,0,,0,,0,,0.2476,,0,,0,,0,,0,,,,,,,,,,,,,,,,,,,,,,,,,,archnet.org
765575628,FALSE,finalized,5,8/3/15 20:36,Games,1,,0,,0,,0,,0,,0,,0,,0,,0,,0,,0,Board_and_Card_Games,0.6151,,0,,0,,0,,0,,0,,0,,0,,0,,0,,0,,0,,0,,0,,,,,,,,,,,,,,,,,,,,,,,,,,arenavalue.com
765575629,FALSE,finalized,5,8/3/15 17:04,Autos_and_Vehicles,0.7884,,0,Car_Rentals,0.6216,,0,,0,,0,,0,,0,,0,,0,,0,,0,,0,,0,,0,,0,,0,,0,,0,,0,,0,,0,,0,,0,,0,,,,,,,,,,,,,,,,,,,,,,,,,,arguscarhire.com
765575642,FALSE,finalized,5,8/4/15 10:48,Finance,0.5859,,0,,0,,0,,0,,0,,0,,0,,0.2426,,0,,0,,0,,0,,0,,0,,0,,0,,0,,0,,0,,0,,0,,0,,0,,0,,,,,,,,,,,,,,,,,,,,,,,,,,armstrongeconomics.com
765575651,FALSE,finalized,5,8/3/15 15:07,Business_and_Industry,0.7917,,0,,0,,0,,0,Biotechnology_and_Pharmaceuticals,0.6267,,0,,0,,0,,0,,0,,0,,0,,0,,0,,0,,0,,0,,0,,0,,0,,0,,0,,0,,0,,,,,,,,,,,,,,,,,,,,,,,,,,arrayit.com
765575662,FALSE,finalized,5,8/4/15 15:57,Health,0.5736,,0,,0,,0,,0,,0,,0,,0,,0,,0,,0,,0,,0.2446,,0,,0,,0,,0,,0,,0,,0,,0,,0,,0,,0,,0,,,,,,,,,,,,,,,,,,,,,,,,,,arthritis.org
765575706,FALSE,in progress,1,,Career_and_Education,1,,0,,0,,0,,0,,0,Human_Resources,1,,0,,0,,0,,0,,0,,0,,0,,0,,0,,0,,0,,0,,0,,0,,0,,0,,0,,0,,,,,,,,,,,,,,,,,,,,,,,,,,askwaltstollmd.com
765575707,FALSE,finalized,5,8/5/15 1:02,Business_and_Industry,0.6105,,0,,0,,0,,0,,0.2378,,0,,0,,0,,0,,0,,0,,0,,0,,0,,0,,0,,0,,0,,0,,0,,0,,0,,0,,0,,,,,,,,,,,,,,,,,,,,,,,,,,asmclk.com
765575712,FALSE,finalized,5,8/4/15 22:53,Internet_and_Telecom,0.785,,0,,0,,0,,0,,0,,0,,0,,0,,0,,0,,0,,0,,0,Chats_and_Forums,0.6162,,0,,0,,0,,0,,0,,0,,0,,0,,0,,0,,,,,,,,,,,,,,,,,,,,,,,,,,asrai.org
765575717,FALSE,finalized,5,8/3/15 15:37,Health,0.8122,,0,,0,,0,,0,,0,,0,,0,,0,,0,,0,,0,Senior_Health,0.4853,,0,,0,,0,,0,,0,,0,,0,,0,,0,,0,,0,,0,,,,,,,,,,,,,,,,,,,,,,,,,,assistedseniorliving.net
765575718,FALSE,finalized,5,8/5/15 3:56,Home_and_Garden,0.5831,,0,,0,,0,,0,,0,,0,,0,,0,,0,,0,,0,,0,,0.2431,,0,,0,,0,,0,,0,,0,,0,,0,,0,,0,,0,,,,,,,,,,,,,,,,,,,,,,,,,,associateliving.com
