                                      2000 URL results
[23, 5, 1, 7, 0, 2, 17, 10, 21, 10, 6, 12, 13, 19, 9, 15, 9, 6, 13, 19, 16, 15, 14, 23, 22, 13, 9, 2, 20, 14, 0, 5, 17, 18, 14, 17, 17, 17, 17, 17, 2, 3, 12, 3, 20, 1, 10, 0, 17, 12, 20, 1, 17, 21, 15, 18, 22, 2, 20, 2, 17, 1, 23, 3, 3, 23, 17, 22, 23, 7, 20, 1, 5, 23, 22, 23, 20, 20, 20, 5, 18, 12, 20, 23, 1, 9, 3, 5, 20, 5, 19, 4, 19, 11, 19, 19, 0, 19, 12, 18, 0, 13, 13, 1, 8, 22, 23, 17, 18, 4, 15, 17, 9, 19, 12, 20, 12, 23, 17, 1, 11, 17, 3, 3, 18, 19, 0, 2, 14, 5, 23, 22, 22, 9, 22, 23, 12, 5, 0, 22, 5, 17, 17, 20, 22, 0, 14, 23, 15, 22, 4, 2, 14, 21, 21, 22, 21, 13, 1, 13, 0, 13, 12, 20, 18, 17, 2, 2, 2, 17, 11, 14, 20, 23, 3, 17, 11, 18, 17, 14, 10, 10, 1, 23, 1, 1, 1, 1, 1, 19, 2, 2, 3, 3, 23, 3, 17, 17, 17, 21, 21, 21, 21, 13, 17, 11, 2, 20, 8, 18, 2, 7, 4, 19, 3, 19, 23, 18, 9, 13, 3, 10, 14, 4, 4, 23, 17, 17, 4, 23, 19, 15, 4, 23, 18, 14, 1, 18, 17, 4, 17, 8, 16, 22, 7, 7, 7, 7, 16, 20, 18, 17, 17, 3, 18, 6, 1, 1, 7, 7, 7, 7, 7, 17, 5, 5, 15, 16, 15, 15, 5, 21, 4, 23, 18, 18, 22, 18, 0, 17, 19, 7, 1, 1, 17, 2, 4, 0, 0, 7, 4, 20, 1, 22, 18, 18, 9, 17, 18, 17, 6, 16, 16, 8, 9, 17, 14, 18, 14, 14, 23, 8, 0, 16, 18, 18, 18, 1, 9, 23, 22, 5, 8, 13, 3, 7, 4, 4, 9, 4, 20, 18, 19, 18, 19, 1, 7, 16, 18, 9, 23, 17, 20, 23, 9, 9, 17, 10, 19, 19, 7, 1, 14, 17, 17, 17, 17, 1, 1, 1, 17, 12, 12, 6, 12, 20, 13, 15]
[23 23  1  7 13 23 17 10 21 11  6 12  7 19  4  1 17 19 13 19 23 17 17 23 22
  4  4 23 17 14 11 21 17 22 17 17 17 17 17 17 17 17 23  5 19  9 14 17 17 17
 14  1 17 17  2 17 20  2 20 13 17  1 20 17 23 20 17 17 23 17 20  1 14 23 22
  1 20 17 18 17 18 12 17 17  1 19 17 17 20  5 23 19 19 17 19 19  2 19 12 18
 23 23 13  1 18 23 23 17 18 11 23  4 18 19 12 17 12 23 17  1 23 17 23 21 18
  4 18 19 17 17 17 22 19  2 23  1 12 17 17 18  5 17 17 17  7 22 17 23 15 17
 13 18 23 17 17 22 17 23  1 23 13  5  9  2 18 17 23 23  2 17  1 17 23 23 17
 17  1 18 17 17 17 10  1  1  1  1  1  1  1 20  7 12 23  3 12 17 17 17 18 21
 21 21 21  1 17 11  0 20 18 19 17  7  4 19 17 19 22 18 17  1 17 17 14 17  4
 23 17 17  9 15 19 17 18 23 18 23 13  1 17 17 17 23 11 23 17  7  7 18 19 19
 18 21 17 23 18 17  1  1  7  7  7  7  7 17 17 20 19 17  5 15 18 20  4  2 18
 18 23 18 17 17 19 18 17 15 17 18 17  0 17  7 18 20  1 13 18 18 23 17 13 17
  9 17 17  1  1 17 20 18 20 14 20 19 23  2 18 18 18 15 19 19 22 22  1 17 17
  7 17  4  9 17 20 23 19  1  9  1  7 17 19 18 23 17 22 23 17 17 17 23  4  2
  7  1 17 17 17 23 17  1  1 11  3 22 17  4 17  1 13 17]
Precision_score: 0.44021739130434784
Recall_score: 0.44021739130434784
F1 score: 0.44021739130434784